223
51
891
377
2
710
277
656
701
133
965
695
419
742
756
65
4
316
575
628
9
171
632
196
272
431
161
659
565
303
925
139
353
167
516
706
876
144
362
928
276
326
622
694
68
729
111
423
45
37
51
53
559
682
600
831
464
112
489
381
414
766
519
118
932
34
824
160
178
185
87
805
862
61
851
281
789
313
704
185
349
754
590
907
787
541
89
602
653
578
982
66
695
501
184
626
534
7
137
63
191
576
220
404
636
422
685
776
734
740
313
434
845
254
692
631
794
781
232
446
710
214
512
404
714
47
381
599
53
518
14
595
445
585
998
432
6
34
559
91
773
871
524
617
124
567
599
918
347
831
715
56
396
226
459
461
624
192
411
676
709
776
622
505
360
972
936
717
5
494
807
130
717
682
98
192
249
697
109
595
879
176
3
274
753
813
86
377
4
496
404
64
272
26
568
983
997
503
700
353
349
858
834
65
540
932
256
788
628
717
734
858
892
736
131
996
549
216
372
904
63
776
968
334
153
535
669
501
390
720
205
738
577
39
154
116
970
409
255
949
477
341
806
720
76
288
716
976
855
87
232
917
214
199
603
366
85
271
866
826
990
71
915
566
461
68
34
782
829
640
82
657
980
887
377
408
526
92
735
380
530
966
296
744
516
250
461
953
520
679
130
861
101
45
779
561
464
164
342
292
803
423
301
135
661
677
894
538
120
628
917
649
946
564
744
813
814
557
117
685
235
247
546
335
643
324
247
106
487
940
750
641
714
50
775
726
78
20
263
197
648
531
197
945
446
293
109
259
849
578
296
435
824
841
121
818
516
367
923
354
658
24
346
371
73
121
448
150
492
710
698
139
240
895
435
685
187
896
296
35
473
943
469
648
783
589
465
650
307
739
355
964
763
700
686
835
172
133
337
664
842
34
154
433
280
941
469
466
836
116
852
660
58
672
307
192
260
771
193
918
509
547
233
271
247
918
458
770
50
146
433
243
179
587
27
459
527
848
276
714
315
128
373
373
799
679
916
411
801
109
680
661
7
913
932
605
830
741
375
232
886
807
826
416
745
205
226
623
404
502
336
718
629
60
90
779
90
358
189
890
466
221
551
472
133
834
429
314
574
803
897
811
609
723
226
706
279
804
328
682
305
16
399
285
75
841
415
165
198
956
406
15
176
956
838
308
141
266
621
66
68
518
876
29
592
454
734
870
257
413
551
913
428
301
549
855
141
963
371
690
918
776
704
93
84
894
400
224
159
373
290
579
890
517
607
481
970
692
702
578
456
604
842
236
904
390
90
397
353
812
86
270
587
142
715
670
35
114
246
545
486
887
123
727
403
81
559
725
124
260
654
580
215
496
815
119
885
256
515
589
67
600
211
5
741
925
27
127
390
272
672
876
158
794
954
560
227
513
636
350
124
290
929
691
785
95
809
21
350
675
610
768
274
820
773
367
96
799
493
485
422
516
712
931
310
666
842
536
530
478
237
5
767
518
695
551
612
503
923
314
177
532
433
803
703
205
521
150
355
365
635
128
881
346
58
542
363
900
429
892
377
665
897
143
182
943
45
146
798
319
811
326
203
243
128
257
800
1000
407
506
365
41
634
245
738
691
138
101
590
566
344
966
230
240
460
764
535
856
261
332
527
423
657
729
665
137
985
816
136
391
322
500
783
955
96
521
645
585
973
587
150
316
904
732
908
716
847
442
571
459
773
97
881
429
177
897
917
162
713
53
904
386
904
687
340
352
559
336
936
531
922
86
846
826
169
753
541
15
194
463
473
318
912
705
99
88
601
15
601
665
67
505
50
323
191
389
674
749
77
609
631
998
46
476
175
214
581
67
580
126
882
404
444
145
108
894
584
61
908
185
725
327
689
775
649
231
515
674
331
591
634
961
941
680
788
115
245
720
182
177
846
415
580
641
559
40
534
142
100
793
326
176
119
366
950
119
948
817
792
630
407
426
942
347
457
730
814
53
801
347
229
646
761
161
286
319
552
819
812
651
964
490
178
82
855
128
553
155
944
696
784
702
121
726
401
929
807
214
334
607
912
562
605
672
74
890
342
625
61
505
627
24
994
805
457
201
284
9
355
579
705
490
280
177
567
32
458
373
245
791
332
508
704
288
531
778
177
872
754
589
729
733
964
722
889
421
922
172
781
628
102
837
118
733
366
684
765
175
409
361
965
92
869
20
379
399
149
907
623
903
848
351
987
811
424
875
583
698
398
716
325
851
904
794
583
621
830
347
795
590
60
111
33
280
131
763
678
279
669
652
