8
754
850
887
981
315
73
256
911
41
463
833
715
838
111
561
993
351
722
377
565
95
639
525
373
412
401
887
113
146
17
473
251
219
711
231
885
783
838
795
823
301
627
890
490
90
450
482
440
523
210
357
617
849
881
990
260
634
228
725
131
596
549
734
814
259
316
50
393
154
844
568
806
823
457
295
912
258
129
703
780
338
59
397
538
292
386
150
277
613
226
759
560
774
492
374
384
808
775
776
313
619
343
118
441
151
764
704
408
244
406
188
582
817
584
471
108
321
972
736
285
197
494
844
322
338
569
57
497
344
833
809
314
527
278
754
678
393
809
85
637
566
272
218
382
207
40
841
527
12
928
811
560
774
7
882
111
575
938
607
918
122
767
231
649
44
336
326
436
496
762
72
62
386
641
795
592
33
988
471
44
267
281
955
40
287
836
150
214
126
108
483
247
874
714
895
269
401
572
57
249
686
480
662
71
473
808
662
505
795
132
900
414
765
854
453
403
690
955
616
167
62
99
413
936
164
660
204
916
583
260
164
268
740
825
690
564
985
352
68
779
835
967
544
951
172
997
706
213
951
673
379
12
123
792
299
286
451
503
554
385
114
69
653
205
246
342
768
230
45
187
360
232
153
904
534
677
252
239
889
202
912
268
565
34
59
864
672
861
718
225
245
183
645
249
388
890
591
507
119
987
694
831
570
198
734
104
226
985
342
115
538
605
382
102
639
792
317
310
652
34
886
248
217
530
849
956
772
791
814
242
777
859
72
347
409
157
450
634
493
143
748
30
748
481
484
386
272
800
47
275
186
284
523
754
165
723
709
936
513
874
530
289
733
953
987
493
110
788
126
954
931
226
336
30
706
819
767
978
970
165
252
507
448
126
260
612
848
320
900
712
194
429
1
278
733
339
770
842
127
247
148
409
472
483
438
530
653
556
507
974
720
110
481
167
588
92
130
787
412
29
499
957
809
851
586
542
189
707
735
667
305
882
75
129
364
864
658
368
419
516
342
138
625
822
304
564
265
786
351
28
166
201
336
327
51
921
220
591
979
954
258
284
188
332
412
903
548
421
271
966
936
964
456
912
785
111
476
401
896
178
429
62
378
764
740
780
685
959
370
15
264
979
298
451
663
61
706
210
833
976
527
768
291
982
680
75
93
507
475
988
684
255
401
413
19
140
544
55
98
265
69
714
244
719
164
906
131
221
467
964
548
993
731
838
975
762
912
419
268
739
406
303
345
159
715
363
650
610
417
100
875
486
813
118
556
328
375
686
549
841
649
96
185
732
934
159
493
197
577
113
287
335
415
632
845
482
994
494
91
411
593
965
248
757
434
155
85
808
840
633
1000
841
728
185
924
13
695
768
210
272
880
496
958
295
127
802
776
121
647
866
883
592
183
482
348
616
636
784
776
827
416
775
19
496
311
942
508
6
62
69
629
941
565
586
587
691
739
714
163
737
932
397
328
114
878
28
81
865
811
856
44
579
983
62
426
293
356
285
650
417
354
278
709
270
215
296
960
305
361
475
42
644
871
721
109
101
100
190
965
263
397
8
841
379
422
618
24
777
254
673
193
607
951
901
876
517
548
188
822
261
662
215
904
884
935
13
984
35
202
301
649
950
660
489
329
81
458
704
857
711
376
401
670
678
654
897
547
201
84
368
461
97
934
365
981
868
729
316
254
282
616
902
231
628
742
911
708
551
614
917
614
342
317
283
371
970
179
917
523
263
284
983
711
217
699
691
437
427
359
42
708
326
296
291
953
389
201
661
940
815
577
553
508
245
187
878
215
365
795
89
979
430
71
690
647
122
732
435
900
90
828
960
416
123
250
720
864
450
380
155
616
308
707
123
553
245
1
119
609
795
207
940
224
629
981
222
750
712
8
2
154
836
961
921
310
210
640
173
659
372
327
275
679
385
749
583
629
749
701
590
895
259
881
119
888
861
692
989
572
700
990
77
887
302
997
196
511
989
721
522
360
47
148
38
784
896
621
764
645
673
353
539
932
233
9
819
445
701
159
17
752
501
445
638
802
794
185
313
782
905
834
141
304
333
530
439
228
502
202
872
175
907
763
106
139
771
276
584
471
434
952
574
934
748
563
88
541
748
400
674
4
585
166
307
917
696
745
144
549
947
368
723
853
130
180
343
900
807
278
723
593
581
648
878
681
211
965
221
958
716
247
961
652
412
620
568
459
716
64
8
14
783
82
218
912
614
561
163
420
190
237
364
123
885
242
803
95
558
375
404
274
621
716
925
385
335
845
843
51
